Layer 0:
39.000000 70.000000 -117.000000
238.000000 226.000000 175.000000
180.000000 309.000000 187.000000

Layer 1:
-254.000000
-183.000000
-122.000000

Layer 2:
-142.000000 148.000000 -32.000000 148.000000 105.000000 -144.000000
-56.000000 103.000000 -152.000000 7.000000 189.000000 -70.000000
-34.000000 122.000000 -163.000000 -142.000000 -40.000000 108.000000

Layer 3:
0.000000
-166.000000
0.000000
122.000000
-109.000000
0.000000

Layer 4:
-60.000000 41.000000 -174.000000 -62.000000
254.000000 -7.000000 153.000000 128.000000
-67.000000 3.000000 -152.000000 83.000000
-81.000000 -152.000000 82.000000 -52.000000
268.000000 -64.000000 -160.000000 -135.000000
56.000000 43.000000 157.000000 169.000000

Layer 5:
-147.000000
0.000000
-51.000000
-13.000000

Layer 6:
121.000000
273.000000
8.000000
-220.000000

Layer 7:
-82.000000

